20
94563103 1 5 9999949 9999991 419997859 389998009 149999866 279999748
499587295797208700 3469541 1730417 5070929 1825598 855537260 882995491 898204830 34203727
848937385843 8 7 17 19 0 5 6 2
991127410199121019 123456 557 9988776 1025 39955758 719192622 152456585 350827775
739825879172045328 2683878 7208112 2912862 8898138 631358954 451401022 51028288 625542185
930033404565174954 102400 15000 9699690 9748872 620781129 950572528 311963986 692169969
905104693315080537 9999909 9999991 9999949 10000000 649996686 729996274 470000001 920000002
543891101326393011 2399842 2681913 3762239 7443017 520101360 433901517 275677792 766417656
95658191 9999991 1 9999991 9999989 259999767 659999403 989998912 909999000
13 5 7 5 9 1 3 2 5
523223149082128364 158568 991720 2994044 1181676 376610494 650869357 336623539 620070320
763526783810179646 741864 167766 7315499 3851100 922855524 89780690 441276473 271986168
274467416870917042 7270184 3005711 7759177 8197657 803826746 672879876 877174079 68314903
1606423995 9999909 9999991 9999949 10000000 499997451 929995254 810000001 970000002
940978906345340844 759324 967048 10000000 9999999 810000001 650000000 59999995 259999974
962024073147815594 9999991 1 9999991 9999989 129999884 899999187 979998923 129999859
789870595193472657 5360341 675784 8600975 754947 876155896 890899377 754304700 203276021
54341206 9999909 9999991 9999949 9999991 689996482 829995765 749999326 389999649
8 1 3 3 3 1 0 1 2
34468440 999999 12347 9699690 9748872 378288879 843875938 672672191 643425609